# Camera calibration & distortion matrices
# Camera 1
mtx1 1401.840495 0, 955.641213 0 1402.738834 536.309032 0 0 1
dist1 0.018034 -0.080784 0.001626 0.000096
# Camera 2
mtx2 1425.720253 0 958.855122 0 1425.948919 541.816495 0 0 1
dist2 0.018427 -0.079827 0.003533 0.001411
# Camera 3
mtx3 1424.872513 0 972.48664 0 1424.402268 609.117467 0 0 1
dist3 0.008711 -0.058156 0.004117 0.000513
# Camera 4
mtx4 1377.502071 0 949.374651 0 1380.073234 570.331426 0 0 1
dist4 0.020614 -0.083636 0.004276 -0.001272
# Camera 5
mtx5 1412.352431 0 986.592834 0 1427.745304 554.9042 0 0 1
dist5 -0.365856 0.108794 -0.002094 -0.000918
# Camera 6
mtx6 3334.298833 0 988.368042 0 3371.551769 590.062460 0 0 1
dist6 -1.523557 1.167057 -0.05343 -0.021399